track name="tb_ct_TECACGWASindexSNPsOCT2025_9548" description="table browser query on ct_TECACGWASindexSNPsOCT2025_9548" visibility=3 url= 
chr1	3457819	3457820	rs12758368	0	.	3457819	3457820	255,0,0
chr1	9652116	9652117	rs78021484	0	.	9652116	9652117	0,0,255
chr1	156160176	156160177	rs510441	0	.	156160176	156160177	255,0,0
chr1	156233017	156233018	rs2251636	0	.	156233017	156233018	0,0,255
chr1	158386311	158386312	rs112338687	0	.	158386311	158386312	255,0,0
chr1	165902030	165902031	rs529859	0	.	165902030	165902031	0,0,255
chr1	203925009	203925010	rs9725251	0	.	203925009	203925010	255,0,0
chr1	212300945	212300946	rs351392	0	.	212300945	212300946	0,0,255
chr2	16283708	16283709	rs11682311	0	.	16283708	16283709	255,0,0
chr2	47795975	47795976	rs1800935	0	.	47795975	47795976	255,0,0
chr2	71345324	71345325	rs7581030	0	.	71345324	71345325	0,0,255
chr2	111177900	111177901	rs7565457	0	.	111177900	111177901	0,0,255
chr2	121250281	121250282	rs2713207	0	.	121250281	121250282	0,0,255
chr3	16617795	16617796	rs12485920	0	.	16617795	16617796	0,0,255
chr3	17003870	17003871	rs4461404	0	.	17003870	17003871	255,0,0
chr3	37410033	37410034	rs73053247	0	.	37410033	37410034	255,0,0
chr3	141911183	141911184	rs11717068	0	.	141911183	141911184	255,0,0
chr3	142088904	142088905	rs113406766	0	.	142088904	142088905	0,0,255
chr3	156612397	156612398	rs2063350	0	.	156612397	156612398	0,0,255
chr3	170030149	170030150	rs9839296	0	.	170030149	170030150	0,0,255
chr4	75605245	75605246	rs113497366	0	.	75605245	75605246	0,0,255
chr4	94252627	94252628	rs7439869	0	.	94252627	94252628	0,0,255
chr4	103099623	103099624	rs2069274	0	.	103099623	103099624	0,0,255
chr4	103439329	103439330	rs11946500	0	.	103439329	103439330	255,0,0
chr4	177885605	177885606	rs12648897	0	.	177885605	177885606	255,0,0
chr4	188000285	188000286	rs4862848	0	.	188000285	188000286	0,0,255
chr5	1279674	1279675	rs10069690	0	.	1279674	1279675	0,0,255
chr5	1296370	1296371	rs2735940	0	.	1296370	1296371	0,0,255
chr5	1313126	1313127	rs36115365	0	.	1313126	1313127	0,0,255
chr5	56950782	56950783	rs2662040	0	.	56950782	56950783	255,0,0
chr5	135029400	135029401	rs474853	0	.	135029400	135029401	0,0,255
chr5	142304584	142304585	rs35409679	0	.	142304584	142304585	0,0,255
chr6	31914100	31914101	rs77524031	0	.	31914100	31914101	255,0,0
chr6	32064643	32064644	rs9469079	0	.	32064643	32064644	0,0,255
chr6	33130791	33130792	rs9277768	0	.	33130791	33130792	255,0,0
chr6	33565847	33565848	rs141079110	0	.	33565847	33565848	0,0,255
chr6	33574760	33574761	rs210138	0	.	33574760	33574761	0,0,255
chr6	149647021	149647022	rs9767555	0	.	149647021	149647022	0,0,255
chr7	1869090	1869091	rs6949794	0	.	1869090	1869091	0,0,255
chr7	21456846	21456847	rs6461565	0	.	21456846	21456847	255,0,0
chr7	40880713	40880714	rs17689040	0	.	40880713	40880714	0,0,255
chr7	139104048	139104049	rs7789337	0	.	139104048	139104049	255,0,0
chr7	158709933	158709934	rs13225986	0	.	158709933	158709934	0,0,255
chr8	11391751	11391752	rs4841525	0	.	11391751	11391752	255,0,0
chr8	11759995	11759996	rs3203358	0	.	11759995	11759996	0,0,255
chr8	11840051	11840052	rs1296027	0	.	11840051	11840052	255,0,0
chr8	23539568	23539569	rs10107859	0	.	23539568	23539569	255,0,0
chr8	70064520	70064521	rs6992772	0	.	70064520	70064521	0,0,255
chr8	80563333	80563334	rs420304	0	.	80563333	80563334	255,0,0
chr8	94616606	94616607	rs4734284	0	.	94616606	94616607	255,0,0
chr8	119903993	119903994	rs12679478	0	.	119903993	119903994	0,0,255
chr9	783573	783574	rs10815670	0	.	783573	783574	0,0,255
chr9	813820	813821	rs6477254	0	.	813820	813821	255,0,0
chr9	839140	839141	rs17372837	0	.	839140	839141	0,0,255
chr9	863634	863635	rs755383	0	.	863634	863635	0,0,255
chr9	878562	878563	rs55873183	0	.	878562	878563	0,0,255
chr9	124428060	124428061	rs10818964	0	.	124428060	124428061	0,0,255
chr9	124561496	124561497	rs10739650	0	.	124561496	124561497	255,0,0
chr9	137178841	137178842	rs28393706	0	.	137178841	137178842	0,0,255
chrX	24370887	24370888	rs1859340	0	.	24370887	24370888	0,0,255
chrX	67140771	67140772	rs5919287	0	.	67140771	67140772	0,0,255
chrX	79959673	79959674	rs78640645	0	.	79959673	79959674	255,0,0
chrX	101143436	101143437	rs5967252	0	.	101143436	101143437	0,0,255
chrX	101195882	101195883	rs12010820	0	.	101195882	101195883	255,0,0
chrX	154306790	154306791	rs4898474	0	.	154306790	154306791	0,0,255
chrX	154307766	154307767	rs17336718	0	.	154307766	154307767	0,0,255
chr10	7490139	7490140	rs10905167	0	.	7490139	7490140	0,0,255
chr10	103090874	103090875	rs3736922	0	.	103090874	103090875	255,0,0
chr10	124586042	124586043	rs61408740	0	.	124586042	124586043	0,0,255
chr10	124981786	124981787	rs17152433	0	.	124981786	124981787	255,0,0
chr11	30375462	30375463	rs522089	0	.	30375462	30375463	0,0,255
chr11	78424182	78424183	rs11237490	0	.	78424182	78424183	0,0,255
chr11	125206254	125206255	rs614265	0	.	125206254	125206255	0,0,255
chr12	959017	959018	rs12812346	0	.	959017	959018	0,0,255
chr12	14369706	14369707	rs16909841	0	.	14369706	14369707	255,0,0
chr12	14457725	14457726	rs2111509	0	.	14457725	14457726	0,0,255
chr12	31950909	31950910	rs2625087	0	.	31950909	31950910	255,0,0
chr12	31986483	31986484	rs10771895	0	.	31986483	31986484	0,0,255
chr12	50919747	50919748	rs764606	0	.	50919747	50919748	0,0,255
chr12	53391243	53391244	rs2694847	0	.	53391243	53391244	0,0,255
chr12	70170084	70170085	rs7315956	0	.	70170084	70170085	0,0,255
chr12	88586871	88586872	rs1586869	0	.	88586871	88586872	0,0,255
chr14	55446161	55446162	rs4901569	0	.	55446161	55446162	0,0,255
chr15	55738827	55738828	rs11071204	0	.	55738827	55738828	0,0,255
chr15	66528911	66528912	rs11071896	0	.	66528911	66528912	0,0,255
chr15	85074578	85074579	rs28718705	0	.	85074578	85074579	0,0,255
chr16	3144655	3144656	rs224249	0	.	3144655	3144656	255,0,0
chr16	11825235	11825236	rs7189510	0	.	11825235	11825236	0,0,255
chr16	15436596	15436597	rs7404803	0	.	15436596	15436597	0,0,255
chr16	50065835	50065836	rs8052492	0	.	50065835	50065836	0,0,255
chr16	68277963	68277964	rs9923188	0	.	68277963	68277964	255,0,0
chr16	74666844	74666845	rs4887783	0	.	74666844	74666845	0,0,255
chr16	74696920	74696921	rs11149761	0	.	74696920	74696921	255,0,0
chr16	88467562	88467563	rs3751674	0	.	88467562	88467563	0,0,255
chr17	37741934	37741935	rs11263762	0	.	37741934	37741935	0,0,255
chr17	46162591	46162592	rs2532288	0	.	46162591	46162592	255,0,0
chr17	46703776	46703777	rs200403	0	.	46703776	46703777	255,0,0
chr17	58754525	58754526	rs170024	0	.	58754525	58754526	0,0,255
chr17	78800380	78800381	rs11077397	0	.	78800380	78800381	0,0,255
chr18	649310	649311	rs9966612	0	.	649310	649311	0,0,255
chr18	674319	674320	rs3744962	0	.	674319	674320	255,0,0
chr18	688102	688103	rs2606255	0	.	688102	688103	0,0,255
chr18	33709639	33709640	rs8092855	0	.	33709639	33709640	255,0,0
chr18	48207416	48207417	rs2156650	0	.	48207416	48207417	255,0,0
chr18	79784865	79784866	rs676669	0	.	79784865	79784866	255,0,0
chr19	21998682	21998683	rs2078235	0	.	21998682	21998683	0,0,255
chr19	22020411	22020412	rs4932932	0	.	22020411	22020412	255,0,0
chr19	23020693	23020694	rs55774410	0	.	23020693	23020694	0,0,255
chr19	23244466	23244467	rs11879346	0	.	23244466	23244467	255,0,0
chr19	23353985	23353986	rs111422426	0	.	23353985	23353986	255,0,0
chr19	23651292	23651293	rs61193264	0	.	23651292	23651293	255,0,0
chr19	23868025	23868026	rs34601376	0	.	23868025	23868026	0,0,255
chr19	24019117	24019118	rs2916061	0	.	24019117	24019118	0,0,255
chr19	24193085	24193086	rs2463046	0	.	24193085	24193086	255,0,0
chr19	27663682	27663683	rs10409711	0	.	27663682	27663683	0,0,255
chr19	27766484	27766485	rs2241024	0	.	27766484	27766485	0,0,255
chr19	36325161	36325162	rs1127406	0	.	36325161	36325162	255,0,0
chr19	39348313	39348314	rs62119681	0	.	39348313	39348314	255,0,0
chr19	53779287	53779288	rs7255867	0	.	53779287	53779288	0,0,255
chr20	4156023	4156024	rs6076623	0	.	4156023	4156024	255,0,0
chr20	52092913	52092914	rs4811290	0	.	52092913	52092914	0,0,255
chr20	53575357	53575358	rs6068585	0	.	53575357	53575358	0,0,255
chr20	63585622	63585623	rs914558	0	.	63585622	63585623	255,0,0
chr21	46274797	46274798	rs8131458	0	.	46274797	46274798	0,0,255
chr22	20978119	20978120	rs744931	0	.	20978119	20978120	0,0,255
chr22	23548919	23548920	rs131409	0	.	23548919	23548920	255,0,0
chr22	41100795	41100796	rs11090039	0	.	41100795	41100796	255,0,0
chr22	41410923	41410924	rs132917	0	.	41410923	41410924	255,0,0
